	N1_1	N2_1	N3_1	N4_1	N5_1	N7_1	N9_1	N11_1	N13_1	N14_1	N15_1	W1_1	W3_1	W5_1	W6_1	W7_1	W10_1	W11_1	W12_1	W14_1
248902	9963	4097	5262	615	4976	191	146	125	102	45	98	37	43	91	2873	309	112	82	452	224
4482516	6380	335	5681	745	7977	186	84	77	94	78	99	86	57	75	1330	2053	39	52	120	120
4429771	554	4913	1332	1594	233	815	850	276	775	157	826	734	1001	663	1804	757	3952	3017	940	280
315609	15	378	387	1058	201	1135	974	276	942	527	2822	748	3410	3068	768	250	3150	1712	382	402
107738	3	2	14	1314	30	1294	2944	2774	1375	3969	2065	2193	587	851	72	551	66	212	382	236
334386	4	18	25	943	46	869	1152	496	999	381	575	2097	1512	1079	485	179	336	453	406	216
2641602	66	973	205	113	493	36	39	18	939	38	131	24	70	3077	279	129	421	1311	2324	1344
545460	2	0	3	312	20	612	1162	1093	652	2137	958	1956	487	750	63	310	43	97	277	254
103802	0	5	8	241	2	492	957	997	686	295	876	1050	2151	483	25	109	1200	764	238	97
36075	2	19	28	724	93	858	1097	485	866	205	545	1800	1206	632	524	158	400	466	388	117
4457829	461	257	1936	603	484	166	114	230	243	478	746	151	417	537	807	226	375	373	1027	589
4362165	252	985	219	349	131	491	369	195	450	101	462	450	726	375	1060	269	1524	996	239	140
613196	59	2491	720	730	364	689	884	342	499	139	401	143	212	235	186	67	285	338	211	104
348395	6	73	45	167	43	444	367	138	295	216	933	210	645	1008	919	283	1417	1398	232	129
New.ReferenceOTU6862	1	0	3	1644	1	675	1178	1299	568	1926	468	78	46	30	19	81	4	21	56	34
99774	8	417	116	94	6	73	92	109	483	37	332	680	2222	309	166	714	1054	920	31	106
3447863	0	2	4	691	2	786	607	914	598	415	630	1062	585	174	42	123	89	250	105	82
1120966	12	36	13	478	7	632	414	606	832	274	896	160	242	299	379	72	550	252	720	188
243487	14	37	19	233	25	426	453	212	506	104	360	593	740	412	1058	283	522	583	226	92
4438548	7	384	20	7	11	25	8	16	74	10	94	43	65	42	558	862	753	2940	192	375
756100	1	0	7	343	1	540	1008	1044	518	1589	562	78	13	15	72	320	27	42	120	79
4483490	18	415	79	63	144	47	41	15	560	22	110	29	101	1389	271	59	574	960	831	382
715163	1	0	4	566	2	435	792	925	445	1370	426	69	8	16	75	489	3	23	63	77
334370	9	1407	331	64	28	94	59	104	133	11	109	476	1610	118	39	218	212	266	20	65
3235430	2	6	3	226	13	450	490	218	349	110	342	691	840	353	275	61	265	216	135	64
678717	1425	22	1279	119	952	50	47	46	23	29	33	38	18	45	210	324	10	45	56	74
4430221	22	301	95	58	124	58	49	6	400	20	122	53	97	1103	188	41	396	675	632	385
813668	0	0	1	239	4	189	458	533	242	801	259	1256	172	194	15	134	14	37	159	107
701385	7	4	9	983	24	488	337	307	167	732	248	22	11	9	257	629	8	21	133	235
812835	4	0	1	52	8	16	84	28	29	6	17	0	0	2	994	924	1773	413	169	3
826611	11	13	51	29	37	32	42	35	36	17	60	32	1307	1744	10	150	77	197	91	90
4400482	1153	76	757	146	1129	43	17	29	20	15	18	6	6	14	198	303	12	13	47	47
4388545	243	595	145	363	42	265	141	85	139	110	171	223	130	126	249	70	319	164	282	160
4377697	6	65	16	194	11	260	200	232	341	117	345	48	164	247	166	39	482	269	351	252
74685	6	84	12	178	15	309	213	338	394	126	409	29	92	124	298	42	356	279	197	219
153559	300	274	805	63	412	25	19	34	139	67	169	8	25	53	293	71	148	127	378	307
1106349	34	110	13	15	6	31	1	20	573	32	195	5	20	361	166	30	149	340	558	906
750263	88	13	184	188	267	102	91	117	70	100	99	20	19	57	177	282	62	59	644	837
356574	74	2	778	80	251	58	53	76	33	44	60	3	94	250	13	574	14	288	47	678
1634029	9	278	42	46	70	24	19	5	21	9	48	2	31	849	68	42	388	320	638	499
353491	5	21	3	116	4	355	364	247	319	151	298	220	317	209	170	27	153	98	180	64
4362005	1	1	4	22	18	9	48	7	8	13	61	4	3	400	222	1174	37	675	140	445
4325011	101	312	126	81	122	160	37	61	122	40	103	69	70	42	455	114	188	274	215	581
1523245	54	331	110	123	52	199	111	68	131	50	193	160	198	96	362	62	337	175	129	147
4321860	19	13	63	18	77	97	44	36	31	25	32	29	59	611	99	649	58	348	214	233
6955	83	142	37	45	49	63	45	16	262	23	70	65	68	414	107	24	133	241	504	324
4451935	0	0	0	350	0	265	198	346	208	455	262	89	58	63	104	154	4	15	51	61
627587	6	2365	176	16	6	4	0	0	3	1	1	0	0	6	0	1	2	6	1	1
4478992	762	30	698	112	662	15	2	6	10	8	10	3	11	5	89	131	4	0	8	14
4478586	0	0	0	87	5	149	307	407	155	560	254	212	37	73	6	93	4	22	114	56
683853	3	2375	12	6	3	5	4	0	10	2	7	5	7	4	5	5	24	7	7	37
97153	42	63	184	115	48	88	47	50	81	61	236	83	225	138	262	53	240	163	178	81
4477199	33	237	51	145	23	159	113	151	187	69	138	102	80	56	203	45	211	133	182	58
3701019	34	95	141	123	87	51	42	43	74	86	249	34	135	209	195	38	154	145	290	142
70346	0	4	9	205	11	200	123	261	153	92	162	180	113	58	39	113	105	255	75	41
New.ReferenceOTU48351	1	0	6	310	1	187	241	443	239	382	176	20	6	1	5	41	2	3	8	8
516569	0	0	4	325	12	308	280	324	117	134	50	13	1	9	5	7	5	23	448	14
1143820	48	268	41	85	35	111	112	49	82	26	98	76	80	93	173	19	236	166	144	78
338840	6	7	8	256	8	214	174	101	122	95	161	163	123	181	94	27	46	29	124	73
331865	532	8	492	45	418	27	28	15	14	11	16	13	7	15	88	119	5	15	21	48
310563	5	53	14	84	12	91	87	45	96	45	167	23	146	441	50	7	265	199	64	39
328912	0	27	15	42	30	167	91	37	140	55	196	61	149	272	77	9	239	135	107	68
4345058	0	0	0	319	0	156	194	352	195	362	148	11	0	3	32	111	0	6	4	10
729833	0	1	0	27	0	100	357	500	163	67	134	63	22	5	1	0	3	2	419	26
726730	26	18	155	122	370	122	70	63	52	36	76	11	135	345	19	103	11	75	35	44
228077	81	182	23	98	17	153	108	33	85	32	118	175	95	66	117	21	161	79	150	60
341259	34	294	59	86	22	76	86	28	65	17	80	69	95	48	136	61	256	230	62	30
331093	0	0	0	31	1	103	199	234	106	309	156	469	60	55	4	30	3	6	40	14
320797	0	0	3	63	1	54	50	174	45	136	37	798	96	36	4	272	0	6	7	24
834138	116	159	35	141	23	74	53	42	103	24	59	99	70	75	145	34	90	52	234	162
4320368	16	158	22	11	58	24	21	7	141	4	19	23	32	223	72	17	176	285	329	111
4315641	39	97	37	165	34	115	104	78	147	37	111	133	89	41	102	13	168	80	89	58
3091248	1	2	5	225	2	471	159	164	96	86	95	14	26	39	34	102	22	52	50	41
New.ReferenceOTU3284	525	25	364	24	564	3	1	3	2	2	1	1	1	2	107	20	2	1	11	2
846892	0	0	0	14	0	103	349	564	103	373	85	29	6	1	3	10	1	0	5	13
4366724	68	126	214	28	94	24	13	19	91	16	133	10	29	36	158	26	136	83	197	123
4479347	126	734	33	25	11	39	9	14	40	3	10	190	194	40	13	8	50	11	21	22
New.ReferenceOTU19413	20	41	86	48	38	40	55	33	40	46	116	59	107	69	173	23	197	90	153	66
1039594	2	66	19	114	24	183	180	56	145	21	69	62	81	103	58	18	72	70	96	40
2045262	0	4	6	139	10	90	87	77	62	113	266	22	66	297	20	1	28	37	74	39
1124273	2	11	4	24	2	14	22	74	76	12	27	148	61	96	154	362	50	104	29	23
4375703	0	0	1	67	0	486	97	89	64	55	55	41	66	53	10	54	31	23	40	42
2801322	2	1	15	193	5	43	51	42	23	38	25	1	0	0	308	403	16	12	65	14
4409730	485	15	288	33	170	6	15	16	2	10	6	18	7	11	69	44	3	11	6	35
581541	0	0	0	57	1	80	105	191	95	142	86	242	45	9	27	139	1	5	14	10
347847	4	211	52	27	5	39	24	13	29	1	18	84	131	59	18	45	84	141	31	187
264229	3	56	11	4	14	2	0	3	7	2	10	0	1	0	17	52	21	427	134	436
3167757	6	16	5	32	1	123	68	117	136	24	68	109	83	22	78	8	89	53	112	48
4456142	335	16	291	36	314	10	4	1	2	2	2	2	4	0	66	81	5	1	4	6
2242061	0	13	3	1	2	6	11	5	10	1	24	4	6	7	32	71	45	173	118	626
4409398	21	198	43	57	7	62	147	32	47	16	63	71	77	21	94	9	90	43	34	21
353271	0	0	0	117	0	192	118	112	125	96	113	54	52	29	48	34	3	7	23	16
354682	0	0	7	87	6	322	93	73	64	40	103	29	81	36	18	34	65	34	16	24
4301165	11	76	6	17	7	82	26	48	88	17	33	252	206	46	39	4	52	19	49	44
463546	12	265	113	69	48	106	74	42	76	24	50	13	36	14	31	10	25	29	32	20
339773	1	0	2	175	0	195	84	116	116	65	96	19	13	23	95	27	11	15	20	15
2193695	2	1	0	104	0	20	14	21	5	13	1	0	1	3	283	497	0	10	62	33
719367	217	349	33	19	9	26	14	13	31	1	10	93	81	27	21	10	51	12	20	11
25051	43	25	217	66	190	29	14	13	13	5	17	1	7	23	109	53	52	48	71	33
242136	2	2	49	99	24	35	15	5	3	14	9	34	14	104	59	299	128	41	35	28
349828	1	2	0	52	8	70	136	28	65	19	30	231	99	44	69	9	46	50	34	5
New.ReferenceOTU51473	275	19	195	7	388	3	2	2	2	0	0	0	2	0	71	27	1	0	0	2
345322	274	0	250	12	355	3	1	0	2	0	2	1	1	1	34	46	0	1	3	7
4324048	0	3	5	0	1	68	42	71	60	88	363	2	3	55	18	36	34	60	54	16
159950	9	72	27	52	27	117	124	42	101	16	64	33	58	39	44	3	58	37	29	14
4441793	13	2	25	26	234	55	38	18	14	8	21	7	3	20	36	284	10	37	18	92
New.ReferenceOTU599	354	4	232	13	249	4	4	1	0	0	1	1	0	2	70	13	0	1	1	7
4424705	0	1	3	44	1	164	101	34	82	38	64	116	126	22	39	13	21	20	37	28
1117593	17	46	10	13	4	30	22	6	507	8	29	42	33	20	72	14	19	13	27	13
726414	1	0	2	13	9	30	35	41	14	66	32	516	68	36	2	53	1	7	5	14
100595	0	0	0	39	1	60	103	115	74	252	78	33	8	8	9	67	0	9	44	43
2725587	3	1	5	51	1	63	42	53	103	58	72	62	45	69	68	28	39	20	119	27
4444340	21	28	116	69	26	18	15	19	34	24	84	18	60	49	71	18	98	59	62	30
2190672	2	9	5	37	13	18	9	32	20	3	12	13	28	55	53	135	37	141	105	191
New.ReferenceOTU29597	1	0	1	44	2	89	114	70	88	60	104	145	66	50	6	12	7	17	29	10
154435	0	0	0	0	1	28	128	159	148	31	101	0	0	0	25	3	4	15	223	22
170339	2	18	1	25	2	42	68	81	137	59	68	24	13	8	88	21	29	50	97	26
4400097	0	0	0	1	0	3	8	0	17	2	2	611	169	25	0	5	3	8	2	1
1138568	3	37	3	4	2	5	3	1	3	0	10	8	8	5	204	236	54	232	12	25
710745	0	0	0	8	0	3	3	43	36	8	23	122	35	414	10	34	9	82	20	3
New.ReferenceOTU5294	66	175	94	32	87	24	19	9	15	2	7	5	13	12	179	8	28	20	41	15
4343367	0	0	3	48	3	71	142	117	70	187	96	34	11	14	0	16	1	3	14	14
412392	8	117	22	61	14	66	129	26	53	25	40	34	41	17	68	4	28	13	48	20
New.ReferenceOTU43530	60	31	95	46	196	25	7	11	21	6	16	17	19	9	153	65	17	15	8	14
855118	2	32	11	27	8	41	28	8	33	11	47	21	66	29	59	5	273	106	21	3
304640	0	4	2	58	4	57	65	69	54	17	45	27	26	29	10	23	146	96	58	36
3981263	3	0	0	14	3	49	31	26	41	15	68	0	0	72	19	10	11	80	130	248
1115572	1	29	14	2	3	5	1	2	6	0	7	3	8	2	62	103	90	263	22	195
4400096	0	0	1	87	0	35	25	18	32	5	11	345	183	13	2	8	21	13	3	1
132814	9	12	4	29	4	92	39	49	70	25	77	32	89	18	55	11	50	20	78	38
New.ReferenceOTU52852	0	45	8	9	0	7	6	7	29	2	24	49	168	12	35	25	144	160	15	37
New.ReferenceOTU17853	232	9	178	4	266	3	1	3	0	0	1	0	0	1	65	14	0	1	1	2
758877	0	17	0	4	5	4	6	4	127	3	18	1	16	120	24	2	58	70	231	64
3438276	196	0	208	7	257	1	1	0	1	0	0	3	0	1	31	57	0	0	1	2
688993	8	0	27	9	18	7	3	10	4	49	5	0	3	13	5	51	11	37	72	412
324677	0	5	3	3	2	9	16	9	23	5	67	0	17	181	20	29	145	172	21	14
1087471	0	0	0	281	12	49	12	19	13	104	48	2	0	3	18	47	19	16	60	34
174960	192	22	161	33	186	8	1	2	6	0	2	2	1	10	30	39	0	1	11	20
576785	9	99	34	23	18	47	41	14	31	10	25	22	26	23	54	17	111	58	45	14
1117069	1	12	5	5	2	6	3	2	221	12	41	3	4	80	20	6	28	86	105	75
3189294	0	1	3	69	8	49	40	99	36	68	58	63	54	25	20	34	8	17	53	6
1120835	2	1	8	39	9	24	13	18	10	114	27	2	4	5	41	106	14	16	109	147
322506	36	31	13	31	8	82	57	19	46	11	27	124	52	7	59	10	38	13	28	11
141856	0	0	0	11	0	20	16	149	75	89	128	11	29	84	2	13	21	20	28	5
237444	115	18	192	58	124	13	4	3	64	6	5	6	20	6	32	21	0	4	0	4
2313705	0	0	8	74	15	14	12	15	5	24	25	7	2	38	25	294	17	51	34	25
347529	108	90	78	26	92	16	10	9	12	6	3	6	14	11	118	14	8	7	36	20
586939	0	1	1	28	0	4	3	1	3	5	1	0	0	1	205	368	1	3	34	11
New.ReferenceOTU17211	0	0	0	5	1	30	91	80	23	193	61	102	24	26	1	11	2	4	15	1
315805	18	20	42	56	16	22	24	16	41	10	48	27	52	49	65	14	28	30	55	32
995583	0	0	0	15	0	38	12	7	7	141	94	0	0	6	1	8	120	43	130	41
1052264	0	1	7	1	0	2	1	2	6	0	4	2	127	7	1	20	144	90	2	234
New.ReferenceOTU5508	0	3	2	41	4	72	55	30	39	47	116	12	39	85	9	1	28	19	34	15
New.ReferenceOTU55584	0	0	0	48	0	42	124	115	32	210	37	3	1	1	3	21	0	2	4	1
4410507	1	4	10	23	3	60	42	21	30	20	101	25	49	80	27	3	46	33	49	11
New.ReferenceOTU24081	0	0	0	40	0	80	50	46	37	18	54	96	59	22	16	7	35	47	20	10
807278	0	0	0	36	1	51	63	118	52	123	48	41	6	4	2	33	10	7	21	15
4418832	132	1	109	26	269	4	1	0	1	0	0	0	1	0	27	48	1	0	3	4
239863	131	7	140	26	204	2	2	4	7	2	4	0	1	3	29	52	1	0	2	5
4481484	0	46	3	3	0	8	2	9	21	1	14	84	60	45	23	105	65	99	7	16
1574711	1	6	0	9	0	2	4	6	10	1	9	24	8	17	24	40	10	88	14	335
324890	7	10	28	24	17	25	20	8	20	20	56	28	59	39	89	12	50	38	42	16
242577	0	0	0	79	4	69	93	70	50	82	65	4	3	11	3	25	7	10	18	15
4421534	3	2	0	115	0	63	42	40	50	23	53	24	28	35	18	7	24	14	25	20
307281	0	0	0	32	0	57	81	122	74	128	63	11	2	0	2	7	0	1	0	1
486195	2	369	11	3	2	3	4	3	14	3	5	5	10	7	2	3	22	13	17	79
4357886	4	1	4	97	4	42	31	31	15	78	23	0	3	3	32	49	10	9	54	74
New.ReferenceOTU5455	0	0	0	56	0	42	95	113	48	121	51	6	1	1	1	5	0	1	1	3
763765	0	0	0	22	1	45	96	77	42	131	70	10	1	4	1	23	1	2	7	4
New.ReferenceOTU42645	0	0	0	10	0	51	70	44	36	39	45	98	61	29	5	9	10	11	11	7
82365	3	7	2	7	0	24	10	8	23	1	7	246	144	7	15	2	9	1	12	7
New.ReferenceOTU47004	0	0	0	64	1	51	92	81	39	160	33	3	2	0	1	4	0	0	1	1
527415	16	17	7	19	1	26	23	17	41	15	31	22	49	27	28	0	72	13	72	20
New.ReferenceOTU1375	0	0	0	47	0	49	59	91	58	130	52	11	1	1	1	4	0	0	2	3
New.ReferenceOTU19781	0	0	0	21	0	25	16	41	21	22	17	195	106	2	0	2	16	20	1	1
810672	0	0	0	45	2	28	39	43	16	12	34	11	96	116	3	33	2	9	8	6
333500	0	2	9	61	3	156	45	29	13	17	14	6	3	11	15	20	29	22	25	19
4445104	0	3	3	55	25	156	61	86	75	12	9	0	0	1	0	2	1	3	3	3
1758401	161	1	107	18	128	6	3	4	5	2	1	4	0	2	15	19	5	4	6	7
808071	1	1	2	9	0	9	4	23	7	4	24	62	19	50	12	86	16	54	68	40
103444	10	6	17	3	6	6	1	27	38	36	46	3	2	26	16	4	18	8	82	129
2440020	4	10	0	52	1	56	26	8	22	14	28	86	49	19	33	4	18	9	29	15
702999	0	0	0	23	0	15	16	87	78	50	42	22	54	16	1	3	41	17	8	5
142681	0	0	0	68	0	61	66	133	37	51	29	0	4	0	0	15	1	3	4	5
New.ReferenceOTU3417	0	0	0	33	0	167	32	24	27	23	14	17	41	24	3	6	29	8	16	12
New.ReferenceOTU40557	5	16	29	10	27	1	2	1	23	0	12	2	9	76	20	2	15	45	130	49
1656943	1	1	2	2	5	6	0	2	3	3	9	0	2	22	5	11	0	3	40	349
152835	0	0	5	127	0	47	58	85	42	27	17	0	3	2	4	12	2	6	17	9
113128	4	16	13	9	15	48	14	20	39	11	50	5	15	13	35	2	48	16	51	35
4432516	117	9	72	7	199	2	1	0	2	0	1	0	0	1	33	11	0	0	2	0
350458	0	0	1	69	0	43	66	88	33	89	41	3	0	0	1	19	0	1	1	0
New.ReferenceOTU46459	16	11	41	17	16	10	19	22	21	22	32	13	4	10	46	8	44	23	47	31
4422142	20	76	20	31	21	14	3	4	9	3	9	3	10	9	28	7	17	14	35	109
New.ReferenceOTU15338	72	5	72	36	38	21	6	2	4	2	7	10	8	4	84	34	9	7	10	7
4461581	3	0	6	2	2	7	5	18	10	24	4	230	57	12	17	16	0	1	8	15
269755	1	1	10	144	5	22	25	23	14	17	15	12	71	45	3	7	8	3	2	8
235424	95	0	75	6	193	2	1	4	0	0	1	0	1	0	23	32	0	0	1	0
565425	0	9	0	9	3	8	0	19	50	3	11	47	30	66	23	64	36	32	6	16
New.ReferenceOTU27804	111	9	57	2	184	1	2	2	1	0	0	0	0	0	52	6	0	0	4	0
New.ReferenceOTU13504	7	17	48	23	7	13	6	8	13	19	33	8	19	21	57	13	35	21	47	12
New.ReferenceOTU25511	0	2	2	63	3	63	49	22	19	41	33	2	2	3	28	21	11	8	34	20
150430	0	0	0	43	6	127	66	39	47	6	21	2	3	22	6	1	15	9	5	4
1128417	0	0	1	28	1	34	12	76	18	50	32	8	9	6	1	41	1	12	14	75
1106324	1	20	4	6	3	63	34	21	43	5	27	17	28	11	23	1	50	32	19	9
662742	0	232	7	3	0	2	1	0	2	2	4	4	3	5	5	10	109	11	8	7
103411	28	4	25	2	5	0	6	4	18	13	3	0	24	53	8	78	89	7	7	40
3951713	0	4	2	12	7	55	33	16	29	6	66	8	12	14	23	2	68	22	19	14
463253	0	6	18	4	11	1	2	8	25	31	58	2	2	18	21	7	19	20	57	100
7061	5	18	20	38	17	54	98	36	49	7	17	7	7	9	11	0	2	7	1	7
New.ReferenceOTU9723	0	0	0	2	0	2	6	3	2	0	3	0	1	0	89	22	220	46	9	1
4428924	0	1	7	51	2	13	7	6	4	7	2	0	0	4	12	42	18	30	92	106
320222	1	33	55	39	28	55	28	17	21	12	16	6	12	15	15	1	8	16	21	4
71872	78	39	20	10	4	3	0	3	34	0	12	0	22	5	109	9	21	16	5	11
4296689	0	0	0	17	0	38	62	75	36	96	40	4	1	2	4	11	0	2	5	3
1147718	5	4	3	18	21	19	14	10	30	9	15	31	13	11	59	8	44	25	27	21
311619	0	0	0	38	0	31	53	70	42	84	38	1	0	0	2	21	0	1	2	1
4343658	5	2	52	8	18	16	10	1	5	5	3	2	11	57	13	49	4	37	28	56
4303858	0	22	11	22	9	68	29	11	33	9	19	31	18	6	21	5	23	7	22	11
535257	0	0	0	19	0	10	6	20	8	17	4	1	1	0	11	8	1	0	265	4
New.ReferenceOTU34148	0	0	0	12	2	112	72	33	36	7	26	6	7	8	7	3	25	3	6	9
575768	28	5	50	16	104	11	6	8	12	2	8	5	7	5	41	52	1	2	6	5
4381109	47	77	8	8	3	13	18	6	22	0	11	54	35	12	26	3	13	13	2	2
950620	0	0	2	4	1	1	1	8	3	8	6	4	3	11	7	2	1	5	296	8
4410004	0	0	2	80	3	28	34	69	15	31	7	55	12	29	0	0	0	2	1	2
100443	0	0	0	28	4	33	32	39	25	18	22	15	4	32	0	0	16	18	72	11
4421830	8	120	37	54	13	14	10	4	18	5	10	2	11	4	28	3	4	6	5	11
3488180	0	0	0	13	1	40	25	45	50	39	49	7	3	21	12	1	4	13	15	28
New.ReferenceOTU38477	0	0	2	9	0	46	51	19	31	31	39	61	26	14	3	3	3	12	8	8
153856	0	0	0	9	0	11	7	21	31	108	56	8	18	18	8	4	25	7	34	0
619799	0	0	12	5	35	12	13	46	40	37	19	3	5	10	14	10	17	20	31	34
343569	0	0	0	24	1	38	21	13	19	20	80	10	25	61	2	1	17	14	8	8
4389007	0	0	1	2	0	1	2	5	1	2	3	11	4	176	25	16	6	94	10	1
327583	0	7	0	4	0	31	22	5	20	1	34	17	42	13	17	5	90	34	12	5
95621	0	0	6	41	2	64	18	39	18	34	38	4	13	7	13	12	9	12	18	10
914789	0	6	0	15	1	30	28	18	21	2	30	16	33	15	23	6	64	29	13	2
305984	0	1	9	6	6	23	3	8	24	5	31	14	40	20	40	5	48	22	32	14
New.ReferenceOTU16541	2	0	5	13	6	8	17	5	4	8	12	11	6	6	62	29	115	24	14	3
4459206	0	8	5	2	0	1	1	0	6	1	6	90	62	8	2	15	22	71	9	40
4467949	1	2	1	26	1	6	11	9	2	21	2	0	0	2	85	121	0	1	43	12
2174312	0	0	0	10	0	15	27	66	42	70	32	17	5	3	10	5	0	1	34	4
4357887	2	0	5	7	1	3	3	5	1	33	24	9	4	8	19	39	3	3	98	73
44265	0	2	2	3	3	7	1	19	21	8	7	8	13	50	63	41	11	39	17	23
2225203	46	5	40	8	158	6	1	1	1	0	1	1	0	0	26	39	1	2	0	2
149154	3	2	5	5	3	1	1	4	26	29	42	2	1	10	19	6	24	20	47	87
4472017	10	9	17	4	11	2	0	0	20	2	10	2	3	63	20	3	10	23	83	45
695365	6	61	12	16	8	9	18	3	6	5	18	8	13	7	19	7	55	51	13	2
New.ReferenceOTU51469	13	4	106	14	24	5	1	6	5	8	35	0	8	8	16	5	8	10	39	20
4041792	89	3	63	8	127	0	1	1	4	0	0	1	2	0	14	15	1	0	1	0
161677	0	0	13	20	8	1	48	28	74	107	2	0	0	2	0	9	0	6	4	6
310462	0	0	0	1	0	5	22	62	15	155	29	8	2	5	0	3	1	0	9	10
332569	7	3	37	12	17	15	5	11	14	5	14	29	15	5	44	13	31	28	16	6
339778	0	0	3	7	1	7	4	21	9	19	6	2	0	0	5	234	0	3	1	3
New.ReferenceOTU28192	0	5	9	3	9	15	9	4	5	5	10	10	11	79	15	17	22	46	30	21
760914	0	3	1	32	0	5	6	21	41	7	18	34	40	8	1	4	71	26	6	1
95883	0	0	2	1	1	9	5	16	5	11	24	50	23	15	64	32	9	15	26	17
New.ReferenceOTU18409	0	0	8	4	1	4	10	5	0	12	15	0	5	14	2	140	4	29	10	55
3694822	0	0	1	14	1	7	11	12	4	18	9	0	5	5	24	134	2	8	15	47
461206	0	0	0	3	0	10	12	14	3	0	6	157	79	3	4	10	1	11	1	1
338048	0	0	0	8	0	25	45	48	24	87	17	22	2	1	1	17	0	0	9	6
1011210	1	21	5	10	7	14	4	8	41	2	18	25	21	6	35	4	43	18	19	7
4354769	0	64	24	4	4	4	2	2	3	2	2	23	98	21	12	16	6	12	1	8
New.ReferenceOTU38879	4	0	7	5	17	8	6	19	12	19	20	44	23	13	39	10	20	13	18	10
4332795	4	7	1	12	0	39	21	5	24	18	32	20	23	15	17	3	28	7	23	8
New.ReferenceOTU29475	4	3	13	2	15	1	1	1	19	3	12	0	4	58	15	5	12	24	73	41
151117	1	95	8	7	1	5	4	20	10	2	7	25	39	6	9	36	11	13	2	5
140859	0	0	0	0	0	1	2	2	4	1	6	9	10	15	8	12	7	98	18	113
4315250	13	23	2	10	2	10	5	5	35	1	12	21	5	7	29	8	36	36	26	18
2194871	0	1	3	33	2	23	12	17	14	27	46	2	12	72	3	0	7	6	11	13
617340	0	0	1	29	3	50	37	19	7	11	36	2	3	33	9	5	23	12	17	6
New.ReferenceOTU38616	0	0	0	4	0	19	46	52	13	83	29	30	5	7	0	5	0	2	4	4
1127804	5	2	8	34	1	93	14	10	15	5	10	12	4	3	14	12	14	14	14	15
174353	79	0	61	3	115	1	0	2	1	1	1	0	0	0	13	17	1	1	0	3
New.ReferenceOTU40210	4	1	9	6	9	17	14	8	6	0	4	10	14	42	23	35	24	33	13	21
142257	1	31	6	2	3	3	1	3	6	1	20	6	14	2	9	32	13	50	12	78
New.ReferenceOTU50173	0	0	0	3	0	10	43	41	6	76	33	40	6	9	1	12	1	3	8	0
99309	31	190	34	16	1	6	0	0	2	0	0	4	2	0	1	0	0	1	2	1
247639	107	0	77	2	65	0	1	1	1	1	0	2	1	0	9	19	0	0	0	5
310202	4	9	8	8	15	6	8	7	14	17	38	6	13	15	30	4	18	27	32	12
New.ReferenceOTU48796	0	0	0	5	0	23	25	18	25	4	12	23	52	7	1	3	59	24	6	2
567259	0	2	2	0	1	4	0	2	3	0	3	3	2	40	5	36	2	117	18	48
2641600	20	39	15	17	85	7	2	3	4	1	6	8	2	4	11	5	6	3	12	36
4370348	0	0	1	9	0	13	30	40	13	18	5	21	4	8	50	56	0	0	9	8
4451302	23	37	1	4	6	1	1	0	27	1	9	18	4	33	15	1	18	19	41	24
New.ReferenceOTU50067	0	4	4	2	3	4	1	6	16	16	42	2	2	9	20	1	34	17	50	49
103210	0	0	0	94	0	14	15	23	20	20	3	0	0	0	50	9	0	4	24	4
New.ReferenceOTU51225	0	0	0	33	0	54	51	40	33	26	19	2	6	1	5	1	2	1	1	1
119723	0	0	1	8	1	82	29	27	21	4	19	5	11	13	17	5	11	8	7	6
823671	1	0	0	8	3	14	28	22	16	59	21	25	5	11	1	21	1	9	15	15
334067	2	7	5	10	2	30	13	8	25	4	17	27	20	7	31	4	20	10	20	12
4388776	0	0	0	1	0	8	21	64	19	43	21	10	3	3	4	5	0	2	28	41
1673321	0	1	0	16	0	19	88	19	12	18	20	2	0	8	1	0	7	0	32	30
1130824	38	2	2	2	0	1	2	1	2	4	1	3	110	20	3	6	13	3	5	55
699206	5	14	4	7	3	17	10	5	33	9	16	29	33	10	21	2	22	4	16	12
New.ReferenceOTU25564	7	0	74	9	35	2	1	7	3	8	15	6	4	4	34	9	13	12	19	10
1116398	0	62	1	6	0	0	6	2	4	2	2	18	6	4	16	15	12	41	3	72
586558	1	0	2	20	6	15	21	24	12	25	36	0	0	0	2	6	1	8	21	71
4333746	2	0	6	2	14	4	2	2	2	1	0	4	4	61	8	51	4	24	33	47
New.ReferenceOTU25353	20	5	44	15	42	10	6	7	8	0	9	13	3	8	33	11	3	13	11	9
4426763	88	60	8	11	3	11	14	2	11	4	0	16	11	9	3	1	6	6	2	0
New.ReferenceOTU35192	9	10	9	0	12	0	0	0	24	4	9	1	1	11	9	1	14	16	61	73
3480259	0	4	1	3	6	1	1	2	2	3	3	0	0	53	22	94	1	59	2	4
161616	3	23	3	4	2	16	7	9	16	5	14	19	4	2	22	1	47	9	34	17
628299	1	5	0	7	4	1	3	4	3	13	2	0	0	3	51	91	0	2	47	13
New.ReferenceOTU58571	0	0	0	13	2	9	27	19	6	18	17	3	7	15	0	62	0	9	3	39
290375	106	0	60	6	40	1	0	2	0	0	1	1	0	1	18	6	0	2	2	1
5784	0	0	0	5	0	9	6	5	3	6	7	0	3	15	15	110	5	15	22	21
New.ReferenceOTU4006	0	75	1	0	1	1	0	2	51	3	15	12	24	19	7	8	20	4	0	2
New.ReferenceOTU27747	0	1	8	10	5	6	10	6	6	0	7	8	79	50	1	4	18	14	5	3
4328104	15	15	7	5	1	2	5	2	7	0	8	2	41	5	53	13	16	4	9	30
4323373	0	3	0	2	1	1	0	1	0	13	3	0	1	3	81	87	0	2	31	11
2770481	1	0	1	4	0	11	15	18	29	22	24	4	5	8	54	5	3	9	16	8
1855596	3	6	3	4	3	12	7	8	38	6	28	6	4	7	10	2	11	11	32	35
New.ReferenceOTU54233	68	4	44	2	94	1	2	0	1	0	0	0	0	1	12	3	0	0	3	1
144640	1	12	2	12	2	22	29	10	12	6	6	19	34	8	11	1	20	9	11	8
141709	3	12	3	4	1	20	9	2	10	4	17	15	25	5	17	6	52	15	13	2
New.ReferenceOTU3971	3	0	8	9	8	9	11	8	12	6	10	4	5	12	18	11	14	8	51	27
352838	7	20	17	10	1	5	3	3	3	9	17	6	22	15	15	3	16	15	33	10
New.ReferenceOTU26857	22	41	16	55	15	9	4	6	8	2	0	6	1	2	8	2	0	2	12	16
161421	0	0	0	31	0	13	17	11	3	16	1	0	0	1	3	42	5	3	30	51
New.ReferenceOTU6161	28	15	23	5	32	10	5	5	4	0	5	1	3	3	56	0	15	3	10	4
New.ReferenceOTU17838	0	0	0	35	0	23	29	21	6	79	10	1	0	2	1	13	0	0	3	4
New.ReferenceOTU27145	6	1	10	11	50	2	0	0	0	0	1	6	1	0	49	77	6	3	2	0
267759	4	2	14	10	36	3	3	4	3	0	2	2	4	57	7	6	3	10	23	31
New.ReferenceOTU52886	0	0	1	24	4	17	4	11	2	15	12	0	0	0	8	39	1	2	21	61
625652	0	1	1	10	2	12	6	10	4	27	20	0	1	6	6	7	0	3	78	28
1124268	3	5	3	14	1	24	16	10	19	1	11	28	17	10	8	0	20	16	9	6
New.ReferenceOTU31049	0	0	1	16	2	8	17	31	11	11	19	5	3	4	6	2	3	7	65	10
New.ReferenceOTU41960	14	5	86	1	18	0	0	0	3	4	11	1	1	0	19	6	3	4	29	16
New.ReferenceOTU13562	7	9	23	4	11	2	2	11	25	6	24	1	3	3	19	1	10	7	25	27
New.ReferenceOTU3578	26	0	104	11	38	1	1	0	0	1	4	2	2	0	11	11	1	1	2	4
New.ReferenceOTU27945	2	2	5	5	4	8	4	6	12	4	25	6	28	24	20	0	17	17	20	9
3704352	0	0	0	4	0	11	11	24	9	50	35	0	1	2	1	32	6	10	5	15
New.ReferenceOTU42061	4	0	4	5	20	5	1	7	0	2	2	0	1	11	10	46	1	10	31	55
New.ReferenceOTU7845	4	1	25	5	13	11	17	4	3	0	9	3	11	26	2	20	4	26	7	24
711023	43	46	21	6	75	1	0	0	1	1	0	0	0	0	1	3	0	1	0	15
New.ReferenceOTU56486	1	2	0	0	2	4	1	4	8	18	33	0	3	4	19	1	22	26	38	27
New.ReferenceOTU53739	0	158	12	3	1	2	1	0	1	1	1	3	3	1	2	3	11	6	0	4
4377842	32	42	28	5	3	5	3	2	5	1	2	7	26	1	36	6	4	1	0	3
4418260	4	78	6	38	1	5	17	3	7	2	4	8	9	3	14	1	7	0	0	4
234802	2	19	5	6	4	8	9	6	6	5	11	9	17	6	26	8	27	23	8	6
784002	5	15	3	5	10	8	0	0	0	1	1	0	0	1	35	12	9	34	15	55
New.ReferenceOTU30090	3	1	9	2	17	6	7	9	6	9	7	17	8	11	40	3	18	14	17	5
847670	26	1	16	12	47	2	0	0	1	6	5	1	5	2	13	40	1	0	7	22
4417972	5	3	2	5	3	4	3	1	1	12	8	0	10	8	22	46	0	2	51	20
New.ReferenceOTU42209	0	0	2	32	3	7	6	10	4	13	9	1	1	0	9	27	2	1	33	46
704995	17	7	19	2	25	6	1	0	1	0	1	3	2	21	9	31	23	11	12	15
4474081	0	0	1	9	0	41	16	19	27	12	19	5	10	10	2	0	6	5	15	7
3259008	0	3	13	2	7	4	3	3	6	0	13	0	0	29	13	21	23	20	6	37
683891	12	4	29	0	14	3	5	3	4	0	2	1	5	37	2	21	0	15	13	32
236066	0	0	0	5	0	1	2	0	8	2	8	0	0	35	5	54	3	57	10	12
New.ReferenceOTU31361	4	2	11	6	8	15	4	12	6	4	11	10	8	6	28	11	17	14	15	9
4379869	10	10	19	8	14	0	1	4	19	2	16	4	0	4	30	5	16	16	10	11
38267	1	0	2	12	0	28	15	6	22	6	36	5	7	9	9	5	19	8	5	4
3050215	0	0	0	30	0	11	17	10	7	23	9	27	4	3	5	12	1	1	33	6
798621	0	4	3	25	4	13	18	13	10	17	11	33	15	2	4	10	1	7	6	3
585904	0	5	1	3	1	1	0	3	29	6	7	1	6	39	6	1	17	15	40	17
340558	1	1	11	3	15	7	1	7	13	6	12	8	10	7	31	10	14	20	14	7
213088	5	1	7	25	9	3	3	5	5	23	16	1	3	6	4	28	1	1	30	19
27188	5	0	7	3	16	4	5	7	0	4	10	1	1	52	2	18	6	18	12	24
242917	29	2	66	11	28	1	0	0	31	0	0	1	1	5	11	7	0	0	0	2
290241	46	1	46	5	53	0	2	0	1	1	0	0	3	2	14	14	0	1	1	4
79659	2	2	4	7	2	32	25	12	19	5	8	10	12	4	8	1	10	8	8	14
New.ReferenceOTU16837	5	0	20	7	22	6	5	3	5	4	4	1	1	3	35	5	23	15	21	8
4453710	2	31	4	13	1	8	8	4	24	4	8	6	5	6	13	4	13	2	16	19
4333705	9	0	20	1	1	0	9	2	18	14	1	0	5	22	10	20	38	2	4	15
317424	8	74	18	10	4	13	2	3	10	0	1	9	2	3	8	1	5	3	9	6
4423471	14	5	23	13	21	6	0	1	8	3	7	3	2	4	1	2	0	3	5	67
509575	2	2	7	13	1	20	18	16	13	7	24	10	2	4	23	8	0	2	9	7
New.ReferenceOTU25797	0	0	0	0	1	2	0	1	2	14	44	0	7	7	2	3	2	1	43	59
New.ReferenceOTU32524	11	3	24	8	39	14	3	3	4	0	2	7	3	1	36	18	6	4	1	0
New.ReferenceOTU49548	0	0	0	9	0	7	8	21	5	6	12	15	41	41	0	6	2	7	3	3
4480061	5	0	2	2	1	3	0	1	0	0	0	4	5	48	10	24	0	22	30	28
790567	1	18	4	0	10	0	1	0	14	0	1	5	0	15	5	4	5	12	39	51
4315164	2	7	3	15	5	21	12	8	17	6	10	6	0	4	18	3	1	4	28	14
1059509	0	1	0	22	0	7	5	5	11	3	5	6	5	22	12	20	8	18	1	32
4452118	7	77	5	16	2	10	6	7	12	1	2	12	3	5	4	1	4	2	4	2
New.ReferenceOTU57448	0	7	8	3	8	7	3	7	11	13	12	6	8	8	21	3	15	4	32	6
New.ReferenceOTU6593	12	0	23	1	83	2	0	1	0	1	1	0	0	1	6	44	1	1	1	3
847094	34	0	97	3	13	2	0	0	1	2	2	2	3	0	1	18	0	1	0	1
1119755	0	1	1	11	0	24	16	22	35	2	13	7	9	0	5	0	14	5	10	4
New.ReferenceOTU2720	3	0	6	20	7	14	9	13	7	7	16	5	10	9	15	4	4	4	11	15
4253231	0	0	0	39	0	30	9	13	10	10	7	3	2	1	5	3	5	1	26	15
New.ReferenceOTU56800	13	1	48	5	59	1	0	0	0	2	3	3	1	1	19	15	0	2	2	3
328984	0	0	0	20	0	11	17	29	14	18	9	0	0	2	12	35	1	3	2	3
564581	63	2	48	8	26	2	0	0	1	2	2	1	0	3	6	10	0	0	1	1
527762	49	33	49	3	17	2	1	0	0	0	4	0	0	0	11	5	0	1	0	1
New.ReferenceOTU48010	0	0	0	13	0	21	19	20	15	23	22	7	10	4	14	1	0	0	5	1
1054065	0	0	0	24	0	18	12	72	9	2	12	14	4	1	0	1	0	1	0	3
85393	0	0	0	5	0	9	1	1	5	13	6	56	8	7	0	0	1	1	59	1
2255	0	1	1	1	0	1	1	1	4	17	6	1	5	2	12	21	44	14	40	1
2792168	1	7	5	2	3	7	2	12	13	2	12	11	16	12	22	3	16	9	11	6
228894	45	1	5	2	3	1	2	0	45	1	4	2	10	17	8	12	0	2	0	12
727056	4	3	13	6	19	3	4	1	3	6	15	0	1	8	20	8	10	16	24	7
3529365	0	0	0	3	0	19	14	18	16	12	22	3	9	29	1	0	2	10	5	8
New.ReferenceOTU40822	0	0	13	11	4	18	5	6	4	8	5	3	2	0	11	14	7	5	31	24
703741	33	5	54	11	10	0	0	1	34	3	1	3	4	1	2	1	0	1	0	5
New.ReferenceOTU13127	0	0	0	36	0	25	10	24	7	11	8	2	1	3	8	14	0	0	11	9
New.ReferenceOTU10253	1	4	2	4	0	3	6	6	8	0	7	16	21	7	7	5	20	44	5	3
3926677	38	49	12	5	1	1	2	2	2	0	3	3	6	2	31	3	5	0	0	3
439462	0	1	0	11	2	4	2	2	2	22	2	1	4	0	2	3	36	6	63	3
New.ReferenceOTU3617	1	0	2	5	2	2	1	5	1	2	1	2	14	102	2	9	1	13	1	0
New.ReferenceOTU44887	0	0	2	6	5	15	9	11	2	8	4	3	0	2	17	54	2	3	8	15
4392826	0	0	4	23	26	21	19	12	7	16	12	0	1	6	0	0	1	1	7	10
4436552	30	3	5	16	2	5	7	8	17	3	5	21	26	0	1	7	1	0	0	8
New.ReferenceOTU35633	0	0	0	33	1	8	3	10	1	22	8	1	0	0	20	47	4	0	4	3
New.ReferenceOTU2097	0	0	0	0	0	11	24	11	13	14	14	33	19	9	3	4	1	1	4	4
New.ReferenceOTU3860	0	0	0	7	1	18	5	5	1	2	8	1	0	2	10	63	0	6	11	24
New.ReferenceOTU4755	1	1	6	6	1	2	12	5	20	12	3	0	5	8	8	13	44	10	3	3
163897	9	3	34	4	15	8	0	3	7	3	12	1	1	6	14	1	4	2	20	16
New.ReferenceOTU24095	16	4	32	16	13	4	2	3	1	0	4	1	0	2	31	6	16	4	6	2
New.ReferenceOTU54591	0	0	0	4	0	10	6	3	0	55	1	6	0	1	1	31	5	4	18	17
830978	0	0	0	10	1	16	18	32	14	43	18	3	0	0	0	1	0	0	1	5
New.ReferenceOTU40538	0	0	0	5	0	66	14	7	9	5	6	12	12	6	2	2	7	2	3	3
New.ReferenceOTU58578	9	0	26	3	48	4	1	1	2	0	3	0	1	5	4	40	1	1	5	5
New.ReferenceOTU58846	0	0	4	8	3	5	15	10	5	17	10	2	6	19	0	17	0	12	4	22
974797	2	55	3	8	0	5	2	8	11	3	2	17	12	0	2	0	13	5	5	4
513449	5	1	2	13	5	7	12	5	12	4	21	4	9	19	6	0	13	8	7	4
New.ReferenceOTU41615	28	5	46	5	30	2	0	0	1	2	1	0	0	1	24	2	1	1	6	2
New.ReferenceOTU48158	0	0	0	0	0	4	2	9	4	4	1	0	0	0	6	1	1	2	117	6
4472112	8	13	2	13	2	22	11	12	14	10	7	3	7	4	6	1	13	3	4	1
New.ReferenceOTU12969	0	0	1	5	1	5	3	0	0	0	7	2	63	35	2	8	11	8	3	2
New.ReferenceOTU24769	0	0	0	1	0	5	26	18	35	5	12	0	0	0	3	2	1	3	37	7
New.ReferenceOTU24043	0	0	0	13	0	18	31	21	10	37	15	1	1	2	1	1	0	1	1	0
New.ReferenceOTU55539	0	0	0	10	0	12	10	27	7	41	21	0	3	4	6	4	0	1	3	3
New.ReferenceOTU5270	12	7	44	2	25	1	0	3	0	1	3	0	1	2	37	1	1	2	6	3
822112	0	0	1	17	1	18	10	16	13	3	11	3	8	7	6	3	8	2	18	5
4456068	17	13	3	13	2	18	10	10	10	0	2	8	2	7	2	0	14	7	9	3
New.ReferenceOTU2961	0	0	0	2	1	18	15	14	20	6	15	21	15	6	2	2	2	2	5	4
717874	0	0	0	4	0	6	22	31	7	36	10	25	2	0	0	2	0	0	3	2
275810	1	1	1	6	1	24	5	6	19	0	19	2	8	12	9	1	20	8	2	4
New.ReferenceOTU550	0	0	0	5	0	5	1	4	1	2	0	0	2	1	18	12	2	2	91	2
New.ReferenceOTU33022	0	0	0	13	0	23	29	14	11	14	6	18	6	4	4	2	0	2	2	0
New.ReferenceOTU53812	0	0	0	0	0	12	33	26	17	5	14	8	4	1	0	0	1	1	21	4
New.ReferenceOTU54353	23	3	16	1	51	1	1	0	3	0	1	1	0	1	30	5	0	2	3	4
New.ReferenceOTU49779	0	0	0	0	7	2	5	1	0	1	0	0	1	5	9	69	17	22	5	2
New.ReferenceOTU13650	0	0	2	20	1	7	1	7	3	1	1	0	0	1	26	8	6	3	39	19
706656	1	18	8	6	4	5	3	0	2	0	3	2	1	6	6	7	33	9	15	16
New.ReferenceOTU34350	0	0	0	9	0	29	9	12	3	17	14	4	10	3	6	10	6	3	9	1
314752	0	4	1	15	0	9	7	28	12	22	9	2	7	2	0	2	19	4	0	1
1141745	1	3	1	1	0	2	0	0	50	0	9	0	1	3	5	0	7	3	20	38
4422568	3	0	9	2	25	2	2	6	5	3	6	0	1	18	6	21	7	7	3	18
668499	25	16	11	14	4	2	0	2	10	8	3	7	30	3	0	0	0	1	4	4
211947	37	1	31	9	40	1	0	0	2	0	0	0	1	1	8	9	0	1	1	1
New.ReferenceOTU3188	0	0	1	2	6	3	1	0	3	1	2	0	40	62	0	2	2	10	5	3
1898675	1	25	0	6	3	7	4	6	13	1	12	7	4	9	5	1	10	14	10	4
New.ReferenceOTU8058	1	0	1	7	0	11	8	12	6	4	7	5	1	3	4	6	25	18	12	10
New.ReferenceOTU19351	0	0	0	11	1	7	6	5	2	16	7	0	0	0	25	44	2	1	5	8
New.ReferenceOTU36158	4	4	11	3	3	0	4	1	11	9	9	2	0	8	24	1	18	8	16	4
1980966	0	2	0	0	0	0	1	1	8	1	2	0	0	0	1	11	4	15	12	82
96894	1	0	11	4	5	2	4	4	2	1	4	0	2	5	1	69	2	18	0	4
37583	2	1	3	13	2	18	12	11	11	11	12	3	9	5	5	1	4	0	7	7
2194877	0	2	0	11	0	22	10	17	21	12	8	11	3	2	5	1	1	1	6	4
207627	0	74	6	0	0	2	0	0	1	0	1	7	17	1	3	5	13	5	0	2
4408387	0	2	0	1	2	1	0	0	25	1	1	0	3	14	1	0	5	7	36	36
4305672	2	0	1	4	0	37	12	7	7	6	4	2	0	7	13	3	1	4	7	18
New.ReferenceOTU49470	0	0	0	0	1	5	6	1	1	2	6	2	49	21	1	1	13	13	8	5
New.ReferenceOTU48909	0	0	1	4	1	10	12	16	1	17	6	4	2	13	0	23	0	7	2	16
1141722	0	2	4	3	1	0	2	2	0	3	4	0	0	1	3	4	2	0	90	11
4090187	1	6	1	3	1	8	6	2	9	0	7	19	31	15	10	0	3	5	4	1
New.ReferenceOTU1439	15	4	20	8	24	12	2	7	8	1	2	1	2	1	14	2	2	1	2	2
231578	0	0	0	20	0	9	4	8	3	15	2	2	1	1	11	19	1	0	31	3
New.ReferenceOTU28066	0	0	0	7	0	38	20	8	5	9	12	4	6	2	0	6	5	2	4	2
New.ReferenceOTU16688	0	0	0	1	0	5	4	4	5	3	5	6	34	50	0	4	1	4	4	0
4338742	28	8	5	10	1	1	7	0	9	1	0	4	30	8	0	4	0	4	5	4
846104	0	1	0	3	2	9	7	2	11	1	14	5	11	11	10	2	24	9	6	1
224042	0	1	1	10	0	11	5	15	10	5	8	2	3	3	13	2	13	5	21	1
4361528	3	2	7	0	2	1	0	1	3	23	0	0	3	16	4	23	30	2	3	6
New.ReferenceOTU43526	4	3	7	5	1	5	7	3	7	2	4	6	11	8	17	2	9	10	13	5
New.ReferenceOTU56007	22	22	32	5	10	1	1	0	3	0	0	1	1	0	21	3	5	2	0	0
New.ReferenceOTU21854	0	0	2	5	0	11	6	7	2	4	6	9	23	40	0	7	1	1	3	1
533886	14	30	13	5	18	4	1	4	6	2	1	3	2	0	8	2	7	1	2	4
115161	0	2	0	2	1	6	7	5	23	5	4	13	6	8	23	3	5	5	7	2
3116296	3	1	20	10	43	2	3	7	6	2	6	2	1	4	2	2	3	1	5	4
New.ReferenceOTU40531	0	0	0	7	1	14	16	9	11	2	10	30	9	5	0	5	2	3	2	1
New.ReferenceOTU9888	10	5	8	7	21	6	5	2	7	0	4	2	2	3	22	11	1	2	6	2
New.ReferenceOTU18699	21	2	16	2	37	1	0	0	2	1	0	0	0	6	14	4	1	2	7	9
270517	1	0	2	4	3	5	6	6	4	13	13	2	7	7	0	12	1	4	2	33
319139	0	0	3	8	3	5	4	10	5	15	9	4	11	0	11	3	1	3	14	16
4468812	4	46	2	8	2	11	2	2	5	0	3	4	7	1	13	0	5	0	3	6
1139607	15	2	14	15	3	1	1	1	18	1	5	6	15	3	1	5	1	9	4	4
843383	0	0	1	35	1	9	7	14	9	11	5	0	0	0	12	10	0	0	2	7
332326	1	0	0	3	0	9	10	4	6	2	8	10	17	11	4	1	18	17	2	0
New.ReferenceOTU28174	0	0	0	21	0	14	23	8	7	1	9	1	0	0	27	2	0	0	5	5
143663	3	1	13	14	2	15	12	9	3	7	3	0	3	1	5	8	1	5	4	13
New.ReferenceOTU10202	19	13	17	3	16	7	2	9	3	2	2	5	0	1	16	0	2	0	4	1
2194878	0	0	3	0	4	1	2	0	0	3	1	0	0	16	0	5	4	3	31	49
59851	3	5	56	2	33	2	0	2	1	1	2	0	1	3	0	3	0	3	0	5
775954	0	0	0	3	0	6	9	2	1	8	7	0	0	0	4	2	0	2	66	11
New.ReferenceOTU25610	0	0	0	2	0	13	17	20	4	15	13	16	5	2	3	2	1	1	4	2
New.ReferenceOTU42897	0	0	0	9	1	3	3	5	2	1	1	0	0	3	2	4	4	1	13	68
New.ReferenceOTU52318	0	0	1	7	0	42	13	6	9	4	16	1	5	4	1	1	8	1	1	0
New.ReferenceOTU22286	8	0	61	1	23	1	0	1	0	1	0	0	1	1	1	14	0	2	1	3
230687	0	0	0	0	0	2	5	3	2	4	4	51	4	7	1	2	1	0	10	23
New.ReferenceOTU52017	0	0	0	11	0	7	3	10	3	17	6	11	4	1	22	16	0	1	6	0
333489	1	0	0	13	0	8	8	24	14	19	15	1	2	3	2	1	2	1	2	2
706881	0	0	0	1	0	3	1	0	3	17	2	1	0	12	8	16	13	9	27	5
New.ReferenceOTU34046	0	0	0	13	0	37	15	18	2	1	6	2	7	2	0	2	6	2	2	3
4253236	0	0	1	5	1	0	0	4	0	3	2	4	1	0	15	32	1	2	40	6
New.ReferenceOTU1071	0	0	0	0	2	0	3	5	13	8	13	0	2	7	1	1	6	3	21	31
1100972	10	0	0	1	0	0	0	1	1	3	0	2	56	12	0	1	12	3	0	14
4318690	4	1	1	5	0	13	13	6	12	2	3	11	8	2	9	4	5	3	7	7
New.ReferenceOTU38061	0	0	0	0	1	4	6	9	2	12	3	61	3	1	1	13	0	0	0	0
New.ReferenceOTU57460	0	0	0	11	0	5	3	14	7	26	16	3	3	1	12	7	0	1	3	3
New.ReferenceOTU24561	0	0	0	1	0	13	8	10	4	13	26	11	8	11	0	2	3	1	3	1
New.ReferenceOTU27292	0	0	0	1	0	2	8	11	1	11	3	69	4	2	0	1	0	0	0	1
813906	3	0	5	15	1	8	7	13	4	0	21	3	6	4	4	2	4	0	3	10
580578	3	7	0	5	1	16	11	11	9	1	14	8	4	1	7	2	4	2	5	2
New.ReferenceOTU40717	14	1	13	2	34	0	1	0	0	0	0	0	0	5	9	13	2	6	7	6
New.ReferenceOTU40011	0	0	1	11	1	18	6	15	3	9	10	1	6	8	1	10	0	2	2	9
New.ReferenceOTU1191	0	2	0	4	1	5	4	8	10	2	3	8	11	10	12	5	12	11	2	2
New.ReferenceOTU5353	0	0	0	22	0	12	10	7	4	8	12	10	10	8	0	4	3	1	1	0
791738	8	12	2	4	0	12	5	5	14	2	2	10	10	2	1	0	11	9	2	0
New.ReferenceOTU33037	0	0	7	0	6	2	4	1	0	1	4	0	1	7	6	23	0	6	21	22
813109	0	0	0	1	0	5	2	9	5	1	2	25	11	32	1	0	1	3	12	1
584193	0	0	0	11	1	2	10	1	2	1	0	0	0	0	10	60	0	2	9	2
681357	0	0	2	21	0	5	3	1	20	3	3	8	27	11	0	1	0	1	1	2
New.ReferenceOTU48228	0	0	1	2	0	15	13	13	10	8	13	2	3	2	14	5	0	0	2	6
1708706	10	27	14	8	10	3	2	2	0	1	4	1	2	0	11	1	2	4	3	3
New.ReferenceOTU15330	0	0	0	9	7	23	6	9	4	13	16	1	0	8	3	0	2	1	6	0
New.ReferenceOTU54416	14	0	19	4	30	3	1	1	0	1	2	0	0	0	4	18	1	1	3	5
873972	1	0	5	0	0	0	12	3	16	4	3	0	1	13	1	10	27	7	2	2
305809	1	0	0	12	2	11	13	3	3	4	12	4	10	15	1	1	8	2	4	0
New.ReferenceOTU21561	10	7	17	4	5	5	2	0	1	0	1	2	3	0	30	4	10	3	2	0
367523	0	0	0	1	0	3	3	3	6	2	8	5	9	5	4	11	0	17	5	24
2489145	12	9	26	6	6	6	0	3	9	2	6	0	1	7	0	1	2	1	4	4
93726	0	0	0	6	1	7	2	2	7	1	3	2	1	15	1	2	4	3	24	23
1131789	1	6	1	14	1	8	4	10	7	1	1	10	8	7	3	6	4	3	3	5
4351338	0	0	1	4	7	4	1	0	1	0	2	2	1	2	9	37	18	9	2	3
849585	1	0	0	6	1	5	11	12	4	13	6	0	0	0	3	35	0	1	3	2
4337739	0	0	1	0	0	3	7	7	5	9	12	15	12	5	3	9	1	3	3	8
1126763	8	5	13	7	8	6	4	4	12	2	4	2	2	0	11	6	2	2	1	3
New.ReferenceOTU51631	0	2	11	1	2	0	1	3	7	5	18	1	0	3	16	0	12	5	10	5
New.ReferenceOTU52794	0	0	1	2	1	2	3	5	1	5	6	7	18	34	1	7	0	5	1	3
579129	0	1	0	1	0	0	2	1	1	0	2	11	3	5	11	45	0	1	15	2
New.ReferenceOTU35136	0	0	1	0	0	2	0	4	16	1	6	0	2	3	5	0	9	3	25	24
1148224	0	0	1	9	1	27	9	8	1	2	4	3	2	1	7	3	6	6	7	4
New.ReferenceOTU39783	8	8	15	2	25	1	1	0	3	0	1	0	1	0	12	2	0	7	10	5
New.ReferenceOTU5615	0	0	3	2	4	4	0	1	5	2	14	1	7	6	10	3	10	6	16	7
New.ReferenceOTU37748	0	0	0	4	1	11	7	5	3	1	8	5	21	28	0	4	0	2	1	0
655141	0	1	1	7	0	7	13	35	18	5	4	1	0	0	6	1	0	0	0	1
New.ReferenceOTU49134	3	0	10	6	14	5	3	0	1	2	0	1	1	0	27	11	8	3	3	2
216823	0	0	0	5	0	1	1	4	0	1	2	0	0	0	2	2	10	5	26	41
224825	1	7	1	5	0	6	9	11	15	3	3	1	0	1	10	0	1	3	14	8
New.ReferenceOTU6282	0	0	0	8	1	8	14	9	5	7	7	8	14	3	3	0	0	3	9	0
1106617	0	0	0	3	0	11	4	1	7	2	11	3	14	7	6	1	15	7	6	1
17198	0	1	0	4	0	2	4	4	20	5	4	4	4	16	9	0	1	1	19	0
New.ReferenceOTU41555	0	0	0	8	0	12	9	13	9	9	7	10	4	3	6	1	0	2	3	2
New.ReferenceOTU32184	0	0	0	0	0	3	1	2	3	1	0	3	2	4	5	3	0	0	68	2
2174311	1	0	2	3	0	11	5	8	4	2	11	2	16	6	5	0	8	6	7	0
4395040	0	1	0	7	0	3	6	25	11	10	6	5	0	0	18	1	0	1	1	1
1133774	0	0	0	8	1	6	9	16	2	19	5	16	10	3	0	0	0	0	0	1
New.ReferenceOTU43405	2	0	5	5	5	4	0	4	3	5	3	0	5	9	4	27	3	6	4	2
New.ReferenceOTU19192	1	1	11	2	2	1	0	1	5	0	12	2	5	3	12	2	13	4	9	10
New.ReferenceOTU33496	0	0	11	0	16	1	0	5	5	10	5	2	3	1	13	2	3	6	11	2
838940	5	0	8	4	11	6	2	8	1	7	6	0	2	1	0	11	0	9	4	10
New.ReferenceOTU36136	3	0	2	22	9	5	3	1	2	4	0	0	0	0	11	28	0	1	1	3
New.ReferenceOTU24297	19	2	13	4	25	1	3	2	2	0	0	0	0	0	16	1	1	1	2	3
New.ReferenceOTU19777	0	1	0	6	0	15	21	15	8	10	11	1	3	1	0	1	0	0	2	0
New.ReferenceOTU28555	0	0	0	2	0	7	11	15	7	8	6	25	3	1	1	9	0	0	0	0
New.ReferenceOTU39350	1	0	0	10	8	7	3	3	4	3	3	5	1	1	4	35	0	3	1	3
New.ReferenceOTU47823	0	0	4	1	1	3	0	0	0	1	1	1	0	2	9	38	12	16	3	3
256046	0	1	0	0	0	2	0	1	2	0	2	1	2	0	4	9	13	38	0	20
New.ReferenceOTU45379	0	0	0	10	0	12	19	13	6	12	10	1	0	2	3	5	0	0	1	0
New.ReferenceOTU49711	0	0	0	3	0	6	8	12	2	14	3	24	8	5	1	1	0	3	2	2
New.ReferenceOTU53777	1	0	0	26	0	9	9	15	7	3	7	0	0	1	7	5	0	2	0	1
New.ReferenceOTU14295	0	0	1	16	7	7	13	5	10	4	3	0	1	2	8	5	2	3	5	1
New.ReferenceOTU40158	2	3	17	0	10	0	0	1	0	4	2	1	2	2	13	4	1	3	17	11
578551	0	1	3	48	9	5	5	7	4	3	1	2	3	1	0	1	0	0	0	0
304212	0	0	0	0	0	2	2	13	7	22	6	6	7	4	5	9	0	1	4	4
582007	2	16	7	7	3	8	14	5	6	2	4	3	3	0	2	0	5	1	3	1
New.ReferenceOTU38049	0	0	0	5	0	9	21	3	2	9	7	16	4	1	0	2	5	1	4	3
340661	0	0	0	6	0	25	7	7	7	8	12	1	3	3	1	1	1	5	1	3
New.ReferenceOTU27670	0	5	4	5	0	3	2	1	4	1	15	1	8	8	8	1	11	3	5	5
354306	0	0	0	8	0	6	6	10	10	13	25	3	0	2	1	2	0	0	2	1
New.ReferenceOTU33660	0	0	0	7	0	5	2	4	2	15	6	0	4	0	0	3	0	6	8	26
New.ReferenceOTU28695	20	0	11	0	29	1	0	0	1	0	1	1	0	1	12	4	0	1	4	2
New.ReferenceOTU18057	0	0	0	13	0	10	9	10	1	11	3	2	1	0	15	8	1	1	2	1
New.ReferenceOTU36966	0	0	0	11	0	16	11	9	10	3	2	12	10	1	1	0	0	1	1	0
New.ReferenceOTU37595	0	0	2	5	0	11	3	2	1	2	9	4	11	9	8	1	11	4	4	1
New.ReferenceOTU6835	0	0	0	3	2	14	13	8	5	6	9	1	7	10	1	0	0	6	3	0
4458998	0	0	0	1	0	1	2	4	2	16	10	0	11	10	0	8	0	2	2	18
New.ReferenceOTU12944	0	0	1	13	0	14	4	6	4	5	6	2	4	7	1	4	4	5	4	3
New.ReferenceOTU590	2	19	4	0	1	0	3	1	4	1	3	0	2	7	3	0	3	6	20	7
4309182	0	1	0	3	0	3	0	1	1	0	3	0	2	3	2	7	9	14	16	21
New.ReferenceOTU31306	0	5	0	0	0	0	0	0	4	0	1	1	3	16	3	3	8	22	8	12
New.ReferenceOTU9416	0	1	3	3	9	9	5	4	2	0	8	1	1	6	3	8	7	9	2	4
New.ReferenceOTU20394	0	0	0	4	0	6	6	6	9	6	8	20	12	0	2	5	0	0	1	0
New.ReferenceOTU20193	0	0	7	6	42	1	1	0	1	0	1	0	4	4	1	15	2	0	0	0
New.ReferenceOTU50645	0	0	0	7	0	13	4	5	3	1	6	14	7	3	1	3	3	10	0	5
New.ReferenceOTU26459	0	0	0	1	0	1	1	3	0	2	0	0	0	7	6	47	1	8	4	4
New.ReferenceOTU48502	2	8	9	0	4	0	1	2	8	3	8	0	0	3	7	1	2	6	10	10
New.ReferenceOTU2340	0	0	0	0	0	2	6	5	3	5	1	51	2	2	0	5	0	1	1	0
4296691	0	0	1	19	2	9	3	3	3	1	4	1	0	0	19	9	0	1	3	5
209883	0	1	1	0	2	2	6	5	10	0	7	2	4	6	6	0	4	7	12	8
New.ReferenceOTU35764	0	0	0	7	0	11	11	9	2	3	5	17	8	2	2	0	1	3	2	0
659078	3	2	1	0	1	0	0	1	8	0	0	0	2	7	3	5	3	30	10	7
New.ReferenceOTU42903	0	0	1	12	1	8	8	8	2	10	15	1	0	5	2	4	0	1	2	3
New.ReferenceOTU21240	0	0	0	2	0	12	3	14	9	11	7	6	3	3	5	3	1	3	1	0
620189	6	1	14	24	18	1	2	1	0	2	1	0	0	0	0	5	1	0	1	5
4413494	2	0	2	0	3	2	1	1	0	13	4	0	1	3	2	7	1	1	3	36
4453524	0	0	0	4	0	10	6	7	5	3	11	3	5	3	3	1	10	5	3	3
346142	0	0	1	4	0	1	4	9	3	15	6	28	1	2	0	6	0	1	0	1
New.ReferenceOTU56302	0	1	0	2	0	2	3	2	3	1	8	6	4	5	4	0	23	8	9	1
New.ReferenceOTU50766	0	0	2	2	3	0	0	0	3	0	0	0	1	15	7	1	6	9	28	5
4329776	23	6	18	2	17	0	1	0	2	1	1	0	1	2	4	1	0	0	0	2
New.ReferenceOTU6382	2	3	11	3	5	5	3	0	1	0	1	0	2	5	5	4	11	11	8	1
1904497	28	1	10	1	13	1	2	3	0	3	0	0	0	2	4	9	0	1	1	2
New.ReferenceOTU5996	8	2	12	2	35	1	0	1	0	0	0	1	0	1	7	4	1	2	1	3
New.ReferenceOTU11771	0	0	1	0	1	6	4	3	3	3	14	1	1	7	2	1	25	7	1	1
New.ReferenceOTU18810	0	2	1	0	1	5	1	5	2	3	9	3	7	5	13	2	13	3	4	1
New.ReferenceOTU31541	0	0	0	2	0	0	7	16	4	21	4	5	1	1	0	6	0	1	7	5
New.ReferenceOTU46889	0	0	0	1	0	7	10	18	4	10	4	14	4	3	0	1	0	4	0	0
New.ReferenceOTU14280	0	0	0	4	0	4	6	19	8	20	7	2	0	1	0	6	0	0	2	1
141447	0	1	0	0	2	0	2	0	3	1	1	0	0	3	1	6	23	21	5	11
106334	13	6	3	2	1	2	2	0	27	1	0	1	8	4	1	3	0	1	2	2
4383166	2	16	1	4	2	4	7	3	10	3	4	2	1	0	3	0	6	0	5	5
1634026	6	0	2	6	1	2	4	1	10	0	3	6	7	4	0	0	3	2	2	19
New.ReferenceOTU32242	0	0	0	5	3	2	1	1	0	1	2	3	0	2	8	21	4	1	14	10
New.ReferenceOTU40564	12	0	13	5	21	1	1	0	1	0	1	0	0	0	12	3	0	1	5	2
166896	15	3	11	1	20	0	1	0	18	0	1	0	1	0	1	4	0	1	1	0
New.ReferenceOTU54763	0	0	0	2	0	7	8	6	3	4	6	34	1	1	0	3	0	0	1	2
New.ReferenceOTU35950	0	1	0	1	3	7	2	2	0	1	3	5	6	15	8	4	2	8	4	6
142376	9	6	6	4	2	5	8	7	7	0	1	6	3	1	4	1	2	0	3	2
290186	4	0	13	3	2	0	2	0	6	0	0	0	12	3	8	21	0	2	0	1
646052	0	1	0	1	0	4	2	3	5	25	7	3	5	0	4	0	2	1	13	1
559843	0	0	1	1	2	7	5	7	2	2	9	3	13	21	0	2	0	2	0	0
819702	0	0	0	5	0	2	0	1	2	1	5	0	1	4	4	2	5	6	6	33
New.ReferenceOTU33015	0	0	0	2	0	11	7	9	7	5	11	9	5	1	5	2	1	0	1	0
211171	4	8	3	5	1	6	0	4	4	1	3	4	4	0	7	0	6	5	5	5
232319	1	0	2	10	1	7	3	4	6	5	10	0	1	3	6	1	5	3	4	3
New.ReferenceOTU36517	0	0	0	8	0	20	16	7	4	1	1	1	2	3	3	0	2	2	4	1
New.ReferenceOTU24847	0	0	0	3	0	3	4	8	2	10	8	24	3	2	0	6	0	1	1	0
New.ReferenceOTU19879	0	0	0	1	0	5	0	4	1	0	4	12	20	0	1	7	4	15	0	1
158263	0	2	1	0	0	0	1	1	1	0	0	14	20	1	1	5	3	21	1	3
4356713	5	28	7	2	0	3	0	0	2	1	0	4	2	0	7	1	6	2	1	3
New.ReferenceOTU53548	0	0	5	1	2	0	5	1	6	1	9	1	1	0	7	1	16	8	7	3
New.ReferenceOTU54550	2	1	10	6	5	1	2	2	5	2	8	2	1	1	8	0	3	3	9	3
New.ReferenceOTU2367	0	0	7	4	2	1	3	3	0	3	6	3	3	1	10	5	14	5	3	0
New.ReferenceOTU48361	0	0	0	5	0	16	11	12	0	15	4	3	2	1	2	1	0	1	0	0
4396454	6	22	1	3	1	6	8	2	2	0	1	6	2	0	2	0	3	4	2	1
343239	0	2	1	3	1	11	5	1	3	0	6	5	8	2	4	1	11	3	2	3
593422	13	1	8	4	12	0	1	1	3	0	2	1	1	2	7	4	1	4	3	3
New.ReferenceOTU49332	0	0	0	24	0	4	4	2	3	1	0	2	1	2	2	2	0	0	23	1
2234409	0	0	3	1	0	2	0	2	0	2	3	1	2	1	0	18	0	8	6	22
New.ReferenceOTU42693	0	0	0	2	0	9	9	6	3	11	8	14	0	1	1	4	0	1	1	1
New.ReferenceOTU20133	0	2	0	0	2	7	4	2	3	1	0	6	3	9	6	8	4	8	0	6
New.ReferenceOTU7947	0	1	1	0	4	0	0	0	2	0	2	0	1	9	1	4	8	7	27	4
New.ReferenceOTU20022	0	0	0	0	0	6	5	3	0	3	3	4	17	19	0	2	1	6	2	0
4203053	0	0	0	14	0	3	5	4	1	4	2	11	5	5	0	0	0	3	13	0
New.ReferenceOTU24146	2	0	2	16	5	7	3	3	0	3	1	0	0	0	16	6	0	0	4	2
191698	0	0	2	1	3	1	2	3	0	6	3	0	0	1	2	10	0	0	5	30
New.ReferenceOTU27435	1	0	1	2	5	4	2	1	1	0	4	1	4	10	1	5	2	9	10	6
New.ReferenceOTU58492	0	0	1	3	1	6	0	1	1	2	4	1	5	7	5	2	8	5	10	7
New.ReferenceOTU29666	0	0	0	10	0	2	1	4	4	6	18	4	1	5	7	2	0	0	4	1
3230745	5	1	13	12	2	1	2	1	5	2	1	3	1	1	8	3	1	2	1	3
New.ReferenceOTU9016	0	0	0	3	0	8	4	11	3	6	5	3	6	12	0	0	5	1	1	0
New.ReferenceOTU41772	0	0	0	1	0	2	3	5	3	2	9	6	8	11	2	0	5	6	5	0
856343	8	0	7	5	3	1	1	0	4	0	6	0	0	1	17	3	0	0	3	9
306546	0	2	1	12	0	10	10	1	2	4	4	0	2	0	3	6	4	0	1	5
4329804	0	14	1	2	2	2	0	2	3	1	5	10	4	2	7	0	3	1	6	2
New.ReferenceOTU19825	0	1	0	6	0	4	3	1	0	0	3	3	15	8	0	5	6	8	4	0
New.ReferenceOTU18040	0	2	6	0	3	2	1	0	5	3	8	4	2	2	11	2	0	4	5	7
New.ReferenceOTU10146	0	0	8	4	12	6	1	1	3	0	2	1	7	4	5	6	5	0	0	1
314077	0	0	0	4	0	4	14	9	15	4	1	2	1	2	6	2	0	1	0	0
New.ReferenceOTU1714	0	0	0	3	0	3	5	6	2	11	5	6	3	1	1	3	1	4	7	4
305567	0	6	1	0	1	4	5	2	3	0	2	1	1	5	2	3	7	8	4	10
New.ReferenceOTU51339	19	5	17	1	3	1	3	0	0	0	0	1	1	0	12	0	1	0	1	0
New.ReferenceOTU29425	0	0	0	1	1	8	5	4	1	11	9	9	3	1	2	2	2	0	3	3
New.ReferenceOTU52708	0	0	0	3	1	3	4	6	0	6	11	2	1	13	0	10	0	1	1	3
New.ReferenceOTU50248	0	0	1	0	0	5	0	4	4	2	5	14	13	2	1	3	0	7	2	2
New.ReferenceOTU44989	0	0	0	0	0	4	0	2	2	3	4	31	7	6	1	3	0	0	1	1
New.ReferenceOTU31170	0	0	1	1	0	5	6	2	1	1	2	0	0	0	2	7	7	4	18	7
New.ReferenceOTU39456	0	0	1	3	3	3	2	1	1	4	2	22	15	4	0	0	0	2	0	1
84602	0	0	0	0	0	2	3	1	8	2	7	0	2	6	1	7	9	6	5	5
100791	1	4	0	6	0	12	4	1	4	2	8	7	5	2	4	0	2	0	1	0
4407152	1	2	1	1	0	2	5	14	4	4	5	0	0	0	16	6	0	1	0	1
144554	0	1	0	7	0	25	7	6	7	0	2	1	1	1	0	0	3	0	2	0
332718	11	3	17	5	12	0	1	0	6	0	2	0	2	1	1	0	0	1	0	1
New.ReferenceOTU39364	3	1	5	4	8	1	3	0	4	0	2	4	1	1	10	4	0	7	4	1
New.ReferenceOTU33799	0	0	0	1	0	2	3	5	3	1	2	30	4	3	1	6	0	0	0	2
New.ReferenceOTU38424	0	0	1	0	0	1	1	2	9	6	7	0	0	3	2	0	8	2	8	12
124653	0	10	5	2	0	3	2	1	1	2	3	4	3	3	9	0	7	4	2	1
New.ReferenceOTU42566	2	2	7	3	13	0	0	0	2	0	1	1	0	1	3	1	5	7	9	5
New.ReferenceOTU49451	0	0	0	2	0	0	1	2	3	0	4	17	10	0	1	7	2	8	1	4
589983	0	0	1	2	1	0	0	0	0	5	5	0	2	2	3	10	1	1	14	14
New.ReferenceOTU50887	0	0	0	16	0	5	4	1	1	6	1	1	0	0	1	6	4	2	7	6
684965	0	0	0	5	0	1	0	4	8	11	8	3	5	2	1	1	7	1	4	0
1135190	0	1	1	0	0	5	6	4	12	0	1	2	5	5	5	0	1	2	7	3
302909	11	5	3	5	1	2	1	0	6	5	3	8	4	1	0	0	0	0	4	1
4369970	2	0	0	4	0	16	6	4	7	1	3	1	6	2	3	0	1	0	2	2
138056	1	0	1	1	2	1	0	1	1	2	5	0	0	3	17	12	0	4	3	5
New.ReferenceOTU41562	0	0	0	4	0	4	10	4	5	8	6	3	6	3	0	0	1	1	1	3
New.ReferenceOTU2432	0	0	0	2	0	11	4	4	6	1	4	2	4	0	2	3	8	6	2	0
New.ReferenceOTU30742	1	0	1	0	3	1	0	3	7	4	3	2	2	6	2	1	6	4	7	6
New.ReferenceOTU1901	0	1	0	1	0	10	3	2	2	1	10	1	12	9	1	1	4	0	0	1
252268	1	2	0	3	0	0	1	3	1	4	1	0	0	0	4	4	0	0	19	15
152386	0	0	0	12	1	9	6	8	7	8	1	0	0	0	2	1	0	0	1	2
New.ReferenceOTU22231	3	3	13	0	5	0	0	0	2	4	3	0	0	0	9	0	1	2	6	7
New.ReferenceOTU28129	1	0	0	2	3	1	0	0	3	0	3	1	0	4	5	3	8	8	13	3
New.ReferenceOTU46523	0	0	0	3	0	16	8	5	1	4	7	1	2	1	0	2	4	1	3	0
New.ReferenceOTU13665	8	0	20	1	13	1	0	1	1	1	0	1	0	1	6	2	0	0	1	1
New.ReferenceOTU56547	0	0	0	2	3	3	1	2	1	4	3	0	0	11	0	8	0	6	1	13
1108275	2	4	0	1	3	2	0	1	5	1	3	5	1	1	4	0	3	6	3	12
343557	0	13	1	1	2	5	1	0	3	1	1	0	5	1	2	0	14	7	0	0
New.ReferenceOTU5484	0	0	1	0	15	1	1	0	1	0	0	0	1	3	4	5	5	3	5	12
New.ReferenceOTU37862	0	0	0	1	0	0	5	8	2	7	7	0	3	6	0	7	1	1	7	2
366977	2	2	0	1	1	4	2	3	11	1	6	3	5	2	4	0	1	1	3	4
1145162	2	4	0	4	0	10	2	6	4	1	7	4	0	1	3	0	4	1	2	1
New.ReferenceOTU42101	1	0	3	0	0	0	1	1	1	9	4	0	0	4	2	0	2	0	12	16
New.ReferenceOTU7708	0	0	0	9	1	14	2	4	2	5	4	1	1	3	1	2	1	2	2	2
New.ReferenceOTU16972	0	1	0	1	1	0	3	1	2	0	10	0	2	1	9	1	7	4	9	4
New.ReferenceOTU32658	0	0	1	4	0	8	9	5	2	3	6	2	1	1	6	1	1	1	5	0
New.ReferenceOTU42360	0	0	1	0	2	5	6	2	0	1	1	6	2	6	3	3	2	6	4	6
New.ReferenceOTU28348	0	1	1	1	0	7	0	1	3	0	7	1	3	7	3	0	7	7	4	3
New.ReferenceOTU49941	0	0	3	0	0	0	2	0	6	6	6	0	1	0	3	1	1	4	9	13
4390723	4	0	5	0	1	0	0	1	1	5	3	0	0	0	1	7	0	1	3	23
735466	5	0	15	3	2	1	0	1	0	2	0	0	2	2	0	2	0	0	1	19
759271	5	1	5	5	5	0	2	0	2	1	0	2	0	2	16	6	2	0	1	0
New.ReferenceOTU48359	0	0	0	1	0	4	3	0	5	0	2	2	21	7	2	1	2	3	2	0
580992	1	0	1	4	1	13	7	10	2	4	3	0	1	1	0	3	0	0	0	4
New.ReferenceOTU27909	4	0	14	0	12	1	0	1	1	0	2	1	0	2	3	5	1	2	2	3
New.ReferenceOTU42451	2	0	7	1	3	0	1	1	2	2	11	1	0	2	4	0	6	3	4	4
556657	3	2	1	2	1	4	3	1	2	0	1	16	6	0	4	0	5	0	1	1
New.ReferenceOTU16561	0	0	0	0	0	1	1	3	2	5	7	1	5	5	0	12	0	4	2	5
New.ReferenceOTU45996	0	0	0	9	0	4	3	3	2	2	2	8	7	1	6	4	1	0	0	1
New.ReferenceOTU2851	0	0	0	5	0	12	6	2	2	3	4	5	3	1	5	1	3	1	0	0
2194872	0	1	0	1	1	11	7	6	4	5	2	2	1	2	2	0	1	2	3	1
205245	4	7	3	0	3	1	0	0	5	1	0	1	0	0	8	0	3	9	4	3
New.ReferenceOTU46066	0	0	0	7	0	1	1	8	2	10	3	1	2	2	8	1	0	1	5	0
New.ReferenceOTU39341	0	0	0	1	0	4	1	1	0	1	2	11	9	2	0	0	13	5	2	0
2440548	0	0	1	0	7	1	0	5	3	2	4	2	1	3	9	1	3	1	9	0
New.ReferenceOTU9274	0	0	0	2	0	6	5	2	3	3	5	7	4	4	0	0	3	3	5	0
New.ReferenceOTU58344	1	0	1	0	0	1	1	3	0	0	2	8	6	3	11	3	6	4	2	0
New.ReferenceOTU15221	0	2	1	1	1	2	1	0	2	0	6	1	6	1	5	0	12	2	8	1
1640195	2	3	5	9	5	1	3	3	5	1	3	0	0	2	0	1	0	1	4	3
New.ReferenceOTU19104	12	6	11	1	9	1	0	0	2	1	0	0	1	0	2	3	0	1	1	0
346974	11	9	12	1	2	0	0	1	3	0	1	1	1	1	3	0	1	0	4	0
New.ReferenceOTU40140	0	0	0	4	0	12	2	5	0	5	5	3	1	4	2	1	2	1	2	2
150491	0	17	1	0	3	2	0	1	2	0	4	2	1	1	2	0	6	5	3	1
4416592	0	0	10	2	1	1	1	5	1	7	0	0	0	1	0	2	0	1	0	19
New.ReferenceOTU37314	1	0	0	3	1	6	5	1	2	5	11	3	2	6	1	0	1	0	3	0
New.ReferenceOTU40996	0	0	0	2	0	1	0	2	4	1	3	12	8	2	0	2	3	9	0	2
New.ReferenceOTU42224	2	0	7	2	3	0	1	1	0	0	1	0	0	6	5	4	3	3	8	5
New.ReferenceOTU474	0	0	0	2	0	1	7	3	5	0	5	5	10	1	0	0	4	2	2	3
617099	1	0	0	0	1	9	2	3	4	0	3	0	1	6	1	0	3	5	7	4
New.ReferenceOTU1372	0	0	0	6	1	0	7	4	2	7	3	7	1	0	1	4	0	2	0	5
New.ReferenceOTU27763	0	0	0	2	0	2	5	4	2	7	1	0	0	1	0	7	0	3	3	13
New.ReferenceOTU13111	0	0	2	6	0	14	3	1	4	1	5	0	5	2	0	2	1	3	1	0
New.ReferenceOTU53301	0	0	0	0	1	2	8	6	1	1	2	0	10	15	0	2	0	1	0	1
New.ReferenceOTU57227	0	0	0	2	0	15	6	2	2	1	5	1	4	1	2	1	4	3	1	0
4391893	2	0	2	13	0	1	0	2	10	3	2	3	6	3	0	0	0	0	0	2
New.ReferenceOTU55236	0	2	2	1	3	0	0	0	2	1	5	0	1	3	4	1	4	4	5	11
New.ReferenceOTU56686	0	0	0	3	1	2	1	1	3	2	2	6	3	1	2	16	0	1	1	4
New.ReferenceOTU41037	1	2	2	0	0	1	1	1	4	0	4	2	8	7	4	3	3	4	1	1
143746	1	0	0	4	0	1	1	1	3	3	1	1	0	0	4	2	0	0	7	20
New.ReferenceOTU35876	0	0	0	3	0	3	3	1	4	0	8	3	8	2	2	1	6	2	2	1
2792167	0	0	1	6	0	7	2	3	5	2	5	6	4	0	0	1	1	3	1	1
New.ReferenceOTU7399	0	0	0	4	3	9	3	6	4	2	9	0	0	0	2	0	1	1	2	2
4326874	5	10	2	2	0	0	1	0	3	0	1	1	3	2	8	0	2	2	1	5
4380971	10	0	0	2	8	1	0	0	1	0	1	0	1	2	4	6	0	1	2	8
849642	0	0	0	3	0	3	3	1	2	2	2	2	3	4	3	2	8	3	3	3
4363537	0	0	0	0	0	5	4	6	6	2	6	2	2	2	5	0	2	1	3	1
144203	1	1	0	1	0	3	3	9	6	1	3	0	1	3	3	0	2	1	7	2
254002	1	0	0	1	0	2	0	2	1	1	3	20	7	6	0	1	0	1	0	1
New.ReferenceOTU9810	0	0	1	1	4	2	1	2	1	0	2	0	13	5	1	2	3	4	1	4
New.ReferenceOTU5817	0	0	4	1	5	0	1	2	3	1	3	3	3	3	6	1	5	3	3	0
New.ReferenceOTU45202	0	0	0	0	0	3	3	2	1	2	4	7	15	1	1	0	5	3	0	0
New.ReferenceOTU57903	0	0	0	0	1	2	9	5	3	4	6	10	3	2	0	1	1	0	0	0
New.ReferenceOTU38810	0	0	0	0	0	5	3	1	0	1	1	0	11	8	1	1	1	6	4	4
New.ReferenceOTU12288	0	0	1	1	0	3	6	3	1	7	3	0	2	3	0	9	0	1	3	4
11431	1	0	1	4	0	2	3	6	1	3	2	0	0	1	0	7	0	0	0	15
New.ReferenceOTU41986	0	0	0	0	0	2	0	1	2	2	2	8	3	1	5	0	11	3	6	0
4376072	4	5	8	2	3	3	1	0	6	3	0	1	3	0	2	1	0	1	1	2
7046	1	0	1	3	0	8	1	0	1	1	6	3	8	0	3	0	6	2	2	0
New.ReferenceOTU51944	0	0	0	1	0	17	8	3	0	2	3	0	5	2	2	0	1	0	1	1
180825	2	0	4	16	1	1	0	0	10	1	1	1	5	0	0	2	0	0	1	1
4401161	1	0	0	7	0	3	4	7	3	4	6	0	0	0	8	1	0	0	1	1
New.ReferenceOTU10432	1	0	1	6	3	2	1	3	0	3	1	1	0	0	6	16	1	0	1	0
New.ReferenceOTU17413	0	0	0	2	1	5	6	1	3	4	3	10	1	2	1	0	3	0	2	2
325206	0	1	0	0	0	5	5	9	8	5	2	2	0	1	1	0	1	1	1	3
New.ReferenceOTU55435	1	1	2	0	2	0	0	1	2	2	4	0	0	1	6	0	4	0	13	6
101445	0	0	0	1	0	20	1	5	3	1	0	0	1	0	0	5	1	2	2	3
832166	0	0	0	4	0	13	2	4	2	1	1	5	3	1	0	5	1	0	2	1
New.ReferenceOTU53689	0	0	0	0	0	7	3	1	7	4	8	2	9	0	1	1	1	0	0	1
New.ReferenceOTU54252	0	0	0	7	0	4	5	6	2	2	5	1	4	3	0	2	1	1	1	1
New.ReferenceOTU33422	0	1	0	1	1	1	2	1	6	4	4	3	6	0	1	0	7	1	3	3
New.ReferenceOTU1418	0	0	0	1	0	5	3	8	0	6	8	3	1	0	4	1	0	1	4	0
New.ReferenceOTU44141	0	0	0	3	0	4	4	4	1	6	8	4	3	2	1	3	1	0	1	0
1013213	0	0	0	0	0	8	2	6	8	0	3	3	1	0	1	0	1	1	2	8
4328906	0	2	0	4	0	9	2	1	12	0	2	3	1	2	2	0	1	2	1	0
New.ReferenceOTU31679	0	1	0	0	0	2	2	0	3	2	6	2	7	0	3	1	9	1	4	1
4111963	0	0	1	6	0	4	0	2	0	1	4	3	1	1	1	5	1	0	3	10
119515	2	1	0	2	0	7	3	3	2	1	4	2	4	1	3	0	3	1	2	2
321409	3	2	7	3	4	1	1	2	0	0	0	0	0	4	0	1	2	2	0	11
549030	0	0	0	1	0	2	3	1	4	0	2	5	1	3	4	1	5	6	3	2
826124	0	0	0	1	0	1	6	5	4	6	4	3	4	0	0	0	1	0	1	7
New.ReferenceOTU32909	0	0	1	6	0	2	3	4	1	10	3	0	0	0	4	3	0	0	2	4
New.ReferenceOTU54118	0	0	4	1	0	1	0	0	0	1	2	0	2	11	0	6	2	8	1	4
New.ReferenceOTU11204	0	0	0	0	1	5	7	4	0	2	2	2	1	6	0	8	0	1	1	3
New.ReferenceOTU24459	0	0	0	2	0	7	5	5	1	4	1	1	0	2	0	5	0	1	3	6
New.ReferenceOTU29652	0	0	0	3	0	9	3	3	2	8	2	2	1	4	0	1	2	0	3	0
788929	0	0	0	0	0	1	1	4	2	1	2	1	0	2	12	7	0	0	5	4
New.ReferenceOTU35653	0	1	7	6	3	0	0	0	8	0	1	1	7	1	3	1	0	0	0	3
New.ReferenceOTU23856	0	0	0	3	0	8	3	2	2	2	6	1	2	0	5	0	0	0	4	4
New.ReferenceOTU8976	0	0	0	0	0	11	4	3	1	3	3	0	3	0	3	2	4	1	4	0
New.ReferenceOTU3580	1	0	0	8	1	0	1	3	3	4	2	4	3	2	1	8	0	0	0	1
New.ReferenceOTU53186	2	0	14	1	7	0	1	1	0	0	1	1	0	0	5	5	0	1	0	3
New.ReferenceOTU12019	0	0	3	0	1	2	3	3	0	0	2	1	1	1	4	2	10	3	6	0
313734	0	1	0	2	0	0	1	1	1	0	2	1	1	1	8	10	0	6	2	4
47365	0	0	11	2	1	1	0	0	19	0	1	1	1	1	1	1	0	0	0	1
New.ReferenceOTU22318	4	10	8	0	1	1	0	0	0	1	3	0	0	0	5	0	1	1	5	1
New.ReferenceOTU38452	0	0	5	1	2	1	1	4	1	0	3	0	0	1	2	3	0	1	7	9
New.ReferenceOTU32282	0	1	0	0	0	0	0	1	10	1	3	0	0	1	5	1	2	2	4	10
New.ReferenceOTU14926	10	8	3	1	4	2	0	1	3	0	1	0	0	1	6	1	0	0	0	0
New.ReferenceOTU12907	1	0	0	1	0	3	0	6	1	12	3	2	1	2	0	3	0	1	0	5
1554686	6	4	0	1	1	1	1	2	5	0	1	7	2	4	2	0	0	3	0	0
4414951	1	9	1	2	5	1	1	0	4	0	1	2	1	0	4	0	0	1	3	4
2651333	1	0	5	0	1	1	0	1	0	4	1	0	0	2	1	3	0	1	2	17
New.ReferenceOTU42561	0	0	0	2	0	1	3	1	2	5	1	1	4	15	0	3	0	2	0	0
New.ReferenceOTU32759	0	0	1	5	0	3	5	5	1	5	5	1	1	0	4	2	1	0	1	0
541299	2	2	2	10	6	0	1	0	2	1	1	2	1	1	0	0	1	0	0	7
2801319	0	0	0	0	0	4	9	3	3	2	2	0	1	0	1	1	0	2	4	7
New.ReferenceOTU16322	0	1	0	1	1	0	0	0	9	1	4	1	0	6	1	0	1	2	3	8
New.ReferenceOTU49968	0	1	0	0	0	5	2	1	3	0	1	7	6	2	4	0	3	2	1	1
New.ReferenceOTU18719	0	0	0	0	0	3	5	9	1	4	5	2	1	1	2	2	0	0	3	1
New.ReferenceOTU53562	1	0	3	1	0	1	1	5	0	0	1	2	2	0	0	3	1	8	2	8
1135798	0	0	1	10	3	0	3	7	2	3	2	0	0	0	4	1	0	0	1	1
4379980	2	1	4	2	3	3	0	2	5	1	2	0	0	1	0	3	1	1	3	4
New.ReferenceOTU1707	0	1	3	0	1	1	0	0	3	1	9	0	0	0	5	1	1	3	3	6
New.ReferenceOTU9112	0	0	5	1	3	3	0	1	3	1	1	0	0	1	1	6	1	0	4	7
812021	3	12	5	1	0	2	0	0	2	0	0	1	1	1	5	0	2	0	3	0
4354415	5	1	4	1	6	2	0	1	0	0	1	1	0	5	3	5	0	1	1	0
New.ReferenceOTU1300	0	0	0	4	0	2	1	7	0	2	1	6	0	2	0	0	2	3	6	1
84980	1	1	1	5	0	3	3	5	7	3	3	0	3	0	1	0	0	0	0	0
New.ReferenceOTU28381	0	0	0	2	0	17	2	2	0	3	1	1	3	1	0	2	1	0	0	1
New.ReferenceOTU26621	0	0	0	1	0	3	1	2	3	0	2	9	5	1	0	0	6	1	2	0
New.ReferenceOTU17545	0	0	1	3	1	3	2	0	0	2	3	3	3	2	6	0	2	3	2	0
New.ReferenceOTU28483	1	0	1	1	0	0	3	0	3	4	2	0	3	2	1	3	7	5	0	0
New.ReferenceOTU11053	5	0	3	2	1	2	1	0	3	0	0	4	0	1	9	1	0	1	1	1
1085703	1	0	1	0	2	0	0	0	0	1	1	0	1	4	1	8	6	3	2	4
82193	0	0	0	1	0	4	14	2	3	2	1	1	1	0	0	0	1	0	3	2
New.ReferenceOTU27067	0	0	0	4	2	2	1	2	0	1	1	1	0	0	1	17	0	1	0	1
New.ReferenceOTU42012	0	1	0	1	0	4	3	0	6	1	4	2	4	0	2	0	4	0	2	0
700885	6	0	1	1	1	0	2	0	2	0	2	3	8	2	0	0	0	2	1	2
New.ReferenceOTU21959	0	0	1	9	1	5	0	2	1	1	1	7	0	0	1	3	0	1	0	0
New.ReferenceOTU57121	1	0	0	0	0	4	5	4	3	1	3	0	0	1	3	1	3	2	1	0
New.ReferenceOTU24704	0	0	2	3	0	3	1	0	1	1	1	0	1	0	1	5	1	0	5	7
New.ReferenceOTU45337	0	0	0	2	1	6	3	3	2	0	1	0	0	0	0	2	2	2	5	3
New.ReferenceOTU19370	1	0	1	2	2	1	1	0	0	2	1	0	0	0	6	10	1	0	2	1
New.ReferenceOTU41720	0	0	0	1	0	4	1	6	4	1	2	4	2	0	0	1	2	2	0	0
New.ReferenceOTU22707	7	1	1	1	2	0	1	0	2	0	0	0	0	1	8	1	1	0	3	1
New.ReferenceOTU49132	0	0	0	0	1	4	1	1	3	0	1	3	1	2	0	0	6	3	4	0
New.ReferenceOTU48868	0	0	0	2	1	10	5	2	1	1	1	0	1	1	1	0	0	0	0	3
New.ReferenceOTU15341	0	0	0	0	0	2	0	1	1	0	5	1	6	3	0	1	5	1	1	2
New.ReferenceOTU58086	0	0	0	0	1	7	2	1	2	0	5	0	2	3	1	0	1	1	1	1
New.ReferenceOTU37835	0	0	1	3	0	1	2	1	2	4	1	3	2	2	0	1	1	2	0	1
4318208	4	2	1	4	0	0	2	1	3	0	0	2	2	0	1	2	0	0	0	2
New.ReferenceOTU21807	1	0	1	3	0	2	0	3	1	1	1	0	0	0	3	7	1	0	0	2
New.ReferenceOTU31825	0	0	0	0	0	3	3	3	1	1	4	1	3	0	1	0	1	3	2	0
512654	0	5	1	2	1	1	1	1	2	0	5	0	2	1	1	0	0	1	1	0
New.ReferenceOTU18690	0	0	0	2	0	1	3	8	1	3	1	1	0	1	1	2	0	0	0	1
690451	0	1	0	1	0	2	0	2	1	0	1	1	1	3	4	2	1	1	2	2
201726	0	0	0	1	4	2	0	1	3	1	0	0	1	5	0	1	0	3	1	2
788519	0	0	0	1	1	9	2	3	1	1	1	0	0	2	2	1	1	0	0	0
New.ReferenceOTU47200	0	0	1	1	2	2	0	0	0	2	2	0	0	0	4	1	4	1	3	2
144675	0	0	0	4	1	2	2	1	1	3	1	1	0	0	0	4	0	0	2	1
128171	1	2	1	1	2	0	1	1	3	0	1	0	1	0	3	0	0	0	2	3
New.ReferenceOTU53718	0	0	1	0	0	0	0	0	2	1	1	1	1	3	2	0	1	2	4	2
304787	0	0	2	2	3	1	1	2	1	2	1	0	0	0	3	1	0	0	1	0
